#tstep, fx_steady_G, fy_steady_G, fz_steady_G, fx_unsteady_G, fy_unsteady_G, fz_unsteady_G, fx_steady_a, fy_steady_a, fz_steady_a, fx_unsteady_a, fy_unsteady_a, fz_unsteady_a
0, 7.273514e+01, -2.245954e-04, 3.845278e+02, 0.000000e+00, 0.000000e+00, 0.000000e+00, 4.857578e+00, -2.245954e-04, 3.913163e+02, 0.000000e+00, 0.000000e+00, 0.000000e+00
1, 7.265065e+01, -2.244548e-04, 3.845479e+02, 6.477996e-02, 5.577424e-07, 1.761604e-01, 4.770879e+00, -2.244548e-04, 3.913214e+02, 3.320588e-02, 5.577424e-07, 1.847330e-01
2, 7.255996e+01, -2.242420e-04, 3.845807e+02, 1.080023e-01, 5.019405e-07, 2.923241e-01, 4.675863e+00, -2.242420e-04, 3.913380e+02, 5.559997e-02, 5.019405e-07, 3.066375e-01
3, 7.242744e+01, -2.239502e-04, 3.846478e+02, 2.026466e-01, 1.055121e-06, 5.468613e-01, 4.533710e+00, -2.239502e-04, 3.913811e+02, 1.046065e-01, 1.055121e-06, 5.737424e-01
4, 7.225757e+01, -2.234346e-04, 3.847686e+02, 3.212924e-01, 1.070976e-06, 8.645096e-01, 4.345452e+00, -2.234346e-04, 3.914705e+02, 1.662907e-01, 1.070976e-06, 9.071675e-01
5, 7.205646e+01, -2.227368e-04, 3.849661e+02, 4.646090e-01, 8.807753e-07, 1.247582e+00, 4.113093e+00, -2.227368e-04, 3.916301e+02, 2.409101e-01, 8.807753e-07, 1.309307e+00
6, 7.183094e+01, -2.216937e-04, 3.852594e+02, 6.210654e-01, 5.208362e-07, 1.665243e+00, 3.840082e+00, -2.216937e-04, 3.918797e+02, 3.224637e-01, 5.208362e-07, 1.747791e+00
7, 7.158727e+01, -2.203201e-04, 3.856666e+02, 7.885606e-01, 5.752781e-08, 2.112617e+00, 3.529407e+00, -2.203201e-04, 3.922384e+02, 4.097286e-01, 5.752781e-08, 2.217453e+00
8, 7.133133e+01, -2.189625e-04, 3.861990e+02, 9.599295e-01, -8.720591e-07, 2.570722e+00, 3.184884e+00, -2.189625e-04, 3.927184e+02, 4.989448e-01, -8.720591e-07, 2.698357e+00
9, 7.106559e+01, -2.175260e-04, 3.868644e+02, 1.135409e+00, -1.759023e-06, 3.040537e+00, 2.807651e+00, -2.175260e-04, 3.933274e+02, 5.901758e-01, -1.759023e-06, 3.191506e+00
10, 7.079268e+01, -2.159834e-04, 3.876658e+02, 1.311368e+00, -2.742642e-06, 3.512154e+00, 2.399717e+00, -2.159834e-04, 3.940693e+02, 6.815658e-01, -2.742642e-06, 3.686513e+00
11, 7.051242e+01, -2.146003e-04, 3.886014e+02, 1.483436e+00, -3.944557e-06, 3.973856e+00, 1.961266e+00, -2.146003e-04, 3.949420e+02, 7.708467e-01, -3.944557e-06, 4.171080e+00
12, 7.022678e+01, -2.132828e-04, 3.896723e+02, 1.655204e+00, -5.057900e-06, 4.435299e+00, 1.493988e+00, -2.132828e-04, 3.959471e+02, 8.598762e-01, -5.057900e-06, 4.655340e+00
13, 6.993705e+01, -2.121299e-04, 3.908763e+02, 1.822639e+00, -6.157940e-06, 4.885524e+00, 9.995887e-01, -2.121299e-04, 3.970825e+02, 9.465870e-01, -6.157940e-06, 5.127800e+00
14, 6.964524e+01, -2.112479e-04, 3.922098e+02, 1.984327e+00, -7.327496e-06, 5.320492e+00, 4.806607e-01, -2.112479e-04, 3.983450e+02, 1.030286e+00, -7.327496e-06, 5.584237e+00
15, 6.935194e+01, -2.104832e-04, 3.936708e+02, 2.142746e+00, -8.054146e-06, 5.746874e+00, -6.189058e-02, -2.104832e-04, 3.997329e+02, 1.112259e+00, -8.054146e-06, 6.031650e+00
16, 6.905795e+01, -2.099524e-04, 3.952542e+02, 2.292982e+00, -8.837207e-06, 6.151327e+00, -6.263590e-01, -2.099524e-04, 4.012412e+02, 1.189980e+00, -8.837207e-06, 6.456047e+00
17, 6.876459e+01, -2.096266e-04, 3.969559e+02, 2.436578e+00, -9.310463e-06, 6.537931e+00, -1.210759e+00, -2.096266e-04, 4.028661e+02, 1.264261e+00, -9.310463e-06, 6.861713e+00
18, 6.847261e+01, -2.093706e-04, 3.987731e+02, 2.573663e+00, -9.476368e-06, 6.906946e+00, -1.813853e+00, -2.093706e-04, 4.046050e+02, 1.335184e+00, -9.476368e-06, 7.248926e+00
19, 6.818268e+01, -2.091825e-04, 4.006992e+02, 2.701221e+00, -9.723696e-06, 7.250264e+00, -2.433856e+00, -2.091825e-04, 4.064515e+02, 1.401188e+00, -9.723696e-06, 7.609178e+00
20, 6.789386e+01, -2.090023e-04, 4.027305e+02, 2.821851e+00, -9.472534e-06, 7.574865e+00, -3.071022e+00, -2.090023e-04, 4.084018e+02, 1.463619e+00, -9.472534e-06, 7.949795e+00
21, 6.760646e+01, -2.086851e-04, 4.048616e+02, 2.932675e+00, -9.347736e-06, 7.873037e+00, -3.724119e+00, -2.086851e-04, 4.104506e+02, 1.520982e+00, -9.347736e-06, 8.262682e+00
22, 6.731990e+01, -2.083038e-04, 4.070853e+02, 3.033292e+00, -9.254413e-06, 8.143702e+00, -4.392451e+00, -2.083038e-04, 4.125907e+02, 1.573070e+00, -9.254413e-06, 8.546707e+00
23, 6.703367e+01, -2.077772e-04, 4.093969e+02, 3.125572e+00, -9.037277e-06, 8.391924e+00, -5.075752e+00, -2.077772e-04, 4.148175e+02, 1.620846e+00, -9.037277e-06, 8.807181e+00
24, 6.674755e+01, -2.069795e-04, 4.117878e+02, 3.206024e+00, -9.183764e-06, 8.608315e+00, -5.772686e+00, -2.069795e-04, 4.171224e+02, 1.662500e+00, -9.183764e-06, 9.034256e+00
25, 6.646025e+01, -2.061225e-04, 4.142501e+02, 3.276272e+00, -9.342327e-06, 8.797292e+00, -6.483199e+00, -2.061225e-04, 4.194974e+02, 1.698865e+00, -9.342327e-06, 9.232560e+00
26, 6.617201e+01, -2.050973e-04, 4.167764e+02, 3.336410e+00, -9.742678e-06, 8.959117e+00, -7.205758e+00, -2.050973e-04, 4.219353e+02, 1.729988e+00, -9.742678e-06, 9.402370e+00
27, 6.588316e+01, -2.040091e-04, 4.193566e+02, 3.384274e+00, -1.043116e-05, 9.087888e+00, -7.938272e+00, -2.040091e-04, 4.244262e+02, 1.754764e+00, -1.043116e-05, 9.537496e+00
28, 6.559370e+01, -2.029834e-04, 4.219827e+02, 3.422796e+00, -1.120611e-05, 9.191516e+00, -8.679334e+00, -2.029834e-04, 4.269620e+02, 1.774706e+00, -1.120611e-05, 9.646238e+00
29, 6.530488e+01, -2.019811e-04, 4.246450e+02, 3.450320e+00, -1.207010e-05, 9.265435e+00, -9.426069e+00, -2.019811e-04, 4.295337e+02, 1.788975e+00, -1.207010e-05, 9.723814e+00
30, 6.501750e+01, -2.009281e-04, 4.273339e+02, 3.466875e+00, -1.288368e-05, 9.309713e+00, -1.017601e+01, -2.009281e-04, 4.321319e+02, 1.797591e+00, -1.288368e-05, 9.770294e+00
31, 6.473312e+01, -2.002064e-04, 4.300413e+02, 3.474878e+00, -1.317489e-05, 9.330783e+00, -1.092620e+01, -2.002064e-04, 4.347488e+02, 1.801813e+00, -1.317489e-05, 9.792434e+00
32, 6.445390e+01, -2.003041e-04, 4.327583e+02, 3.471917e+00, -1.407129e-05, 9.322046e+00, -1.167299e+01, -2.003041e-04, 4.373760e+02, 1.800415e+00, -1.407129e-05, 9.783315e+00
33, 6.418154e+01, -2.006227e-04, 4.354765e+02, 3.460063e+00, -1.516590e-05, 9.289103e+00, -1.241322e+01, -2.006227e-04, 4.400057e+02, 1.794461e+00, -1.516590e-05, 9.748814e+00
34, 6.391767e+01, -2.007511e-04, 4.381887e+02, 3.439356e+00, -1.510859e-05, 9.231990e+00, -1.314404e+01, -2.007511e-04, 4.426308e+02, 1.783986e+00, -1.510859e-05, 9.688973e+00
35, 6.366495e+01, -2.007775e-04, 4.408866e+02, 3.407971e+00, -1.458683e-05, 9.145819e+00, -1.386141e+01, -2.007775e-04, 4.452439e+02, 1.768041e+00, -1.458683e-05, 9.598661e+00
36, 6.342450e+01, -2.013457e-04, 4.435633e+02, 3.368445e+00, -1.414444e-05, 9.037467e+00, -1.456302e+01, -2.013457e-04, 4.478382e+02, 1.747931e+00, -1.414444e-05, 9.485092e+00
37, 6.319854e+01, -2.024400e-04, 4.462117e+02, 3.318530e+00, -1.418918e-05, 8.900868e+00, -1.524544e+01, -2.024400e-04, 4.504071e+02, 1.722495e+00, -1.418918e-05, 9.341900e+00
38, 6.298863e+01, -2.033172e-04, 4.488241e+02, 3.258474e+00, -1.387041e-05, 8.736808e+00, -1.590579e+01, -2.033172e-04, 4.529433e+02, 1.691840e+00, -1.387041e-05, 9.169904e+00
39, 6.279530e+01, -2.039641e-04, 4.513931e+02, 3.188970e+00, -1.287499e-05, 8.547207e+00, -1.654229e+01, -2.039641e-04, 4.554397e+02, 1.656315e+00, -1.287499e-05, 8.971114e+00
40, 6.262069e+01, -2.046294e-04, 4.539110e+02, 3.108074e+00, -1.179881e-05, 8.326883e+00, -1.715148e+01, -2.046294e-04, 4.578891e+02, 1.614907e+00, -1.179881e-05, 8.740090e+00
41, 6.246513e+01, -2.055148e-04, 4.563693e+02, 3.016656e+00, -1.123726e-05, 8.078333e+00, -1.773155e+01, -2.055148e-04, 4.602830e+02, 1.568038e+00, -1.123726e-05, 8.479442e+00
42, 6.232957e+01, -2.065439e-04, 4.587604e+02, 2.915702e+00, -1.092570e-05, 7.804047e+00, -1.828026e+01, -2.065439e-04, 4.626142e+02, 1.516248e+00, -1.092570e-05, 8.191792e+00
43, 6.221496e+01, -2.073047e-04, 4.610752e+02, 2.803316e+00, -1.044748e-05, 7.499149e+00, -1.879509e+01, -2.073047e-04, 4.648740e+02, 1.458514e+00, -1.044748e-05, 7.872011e+00
44, 6.212189e+01, -2.078627e-04, 4.633052e+02, 2.681607e+00, -9.847122e-06, 7.169229e+00, -1.927398e+01, -2.078627e-04, 4.670539e+02, 1.395944e+00, -9.847122e-06, 7.525969e+00
45, 6.205114e+01, -2.087038e-04, 4.654420e+02, 2.550461e+00, -9.398589e-06, 6.813961e+00, -1.971471e+01, -2.087038e-04, 4.691460e+02, 1.328482e+00, -9.398589e-06, 7.153324e+00
46, 6.200384e+01, -2.097859e-04, 4.674772e+02, 2.410217e+00, -9.538194e-06, 6.434225e+00, -2.011469e+01, -2.097859e-04, 4.711420e+02, 1.256309e+00, -9.538194e-06, 6.755005e+00
47, 6.198052e+01, -2.109965e-04, 4.694031e+02, 2.263050e+00, -9.577000e-06, 6.035806e+00, -2.047209e+01, -2.109965e-04, 4.730346e+02, 1.180562e+00, -9.577000e-06, 6.337083e+00
48, 6.198204e+01, -2.123164e-04, 4.712125e+02, 2.108509e+00, -9.461146e-06, 5.617423e+00, -2.078480e+01, -2.123164e-04, 4.748168e+02, 1.101021e+00, -9.461146e-06, 5.898221e+00
49, 6.200945e+01, -2.138102e-04, 4.728991e+02, 1.948691e+00, -9.211274e-06, 5.184616e+00, -2.105068e+01, -2.138102e-04, 4.764825e+02, 1.018787e+00, -9.211274e-06, 5.444236e+00
50, 6.206318e+01, -2.157702e-04, 4.744573e+02, 1.783637e+00, -8.930783e-06, 4.737618e+00, -2.126835e+01, -2.157702e-04, 4.780264e+02, 9.338604e-01, -8.930783e-06, 4.975369e+00
51, 6.214436e+01, -2.181895e-04, 4.758823e+02, 1.614439e+00, -8.834732e-06, 4.279105e+00, -2.143584e+01, -2.181895e-04, 4.794438e+02, 8.468530e-01, -8.834732e-06, 4.494440e+00
52, 6.225295e+01, -2.207752e-04, 4.771708e+02, 1.442815e+00, -8.204571e-06, 3.813852e+00, -2.155265e+01, -2.207752e-04, 4.807316e+02, 7.586272e-01, -8.204571e-06, 4.006453e+00
53, 6.238911e+01, -2.235342e-04, 4.783200e+02, 1.268952e+00, -7.370039e-06, 3.342187e+00, -2.161811e+01, -2.235342e-04, 4.818870e+02, 6.693086e-01, -7.370039e-06, 3.511763e+00
54, 6.255346e+01, -2.267906e-04, 4.793270e+02, 1.091567e+00, -6.171164e-06, 2.860996e+00, -2.163113e+01, -2.267906e-04, 4.829073e+02, 5.781772e-01, -6.171164e-06, 3.007080e+00
55, 6.274454e+01, -2.302800e-04, 4.801918e+02, 9.148997e-01, -5.155568e-06, 2.381383e+00, -2.159312e+01, -2.302800e-04, 4.837921e+02, 4.874774e-01, -5.155568e-06, 2.504075e+00
56, 6.296218e+01, -2.338472e-04, 4.809129e+02, 7.364545e-01, -4.013525e-06, 1.896839e+00, -2.150400e+01, -2.338472e-04, 4.845400e+02, 3.958834e-01, -4.013525e-06, 1.995906e+00
57, 6.320521e+01, -2.374056e-04, 4.814900e+02, 5.568343e-01, -2.329169e-06, 1.409160e+00, -2.136488e+01, -2.374056e-04, 4.851506e+02, 3.036767e-01, -2.329169e-06, 1.484445e+00
58, 6.347212e+01, -2.408851e-04, 4.819233e+02, 3.772361e-01, -6.736029e-07, 9.214662e-01, -2.117725e+01, -2.408851e-04, 4.856236e+02, 2.114941e-01, -6.736029e-07, 9.729734e-01
59, 6.376105e+01, -2.446477e-04, 4.822124e+02, 1.971201e-01, 7.283202e-07, 4.324343e-01, -2.094293e+01, -2.446477e-04, 4.859585e+02, 1.190339e-01, 7.283202e-07, 4.600942e-01
60, 6.407015e+01, -2.483938e-04, 4.823584e+02, 1.742599e-02, 1.996004e-06, -5.537943e-02, -2.066388e+01, -2.483938e-04, 4.861560e+02, 2.677778e-02, 1.996004e-06, -5.151210e-02
61, 6.439702e+01, -2.518064e-04, 4.823614e+02, -1.615757e-01, 3.288405e-06, -5.412221e-01, -2.034249e+01, -2.518064e-04, 4.862157e+02, -6.513876e-02, 3.288405e-06, -5.610571e-01
62, 6.473921e+01, -2.551352e-04, 4.822223e+02, -3.396576e-01, 4.598967e-06, -1.024477e+00, -1.998134e+01, -2.551352e-04, 4.861381e+02, -1.565988e-01, 4.598967e-06, -1.067894e+00
63, 6.509441e+01, -2.584250e-04, 4.819420e+02, -5.159691e-01, 5.657993e-06, -1.502781e+00, -1.958286e+01, -2.584250e-04, 4.859237e+02, -2.471752e-01, 5.657993e-06, -1.569548e+00
64, 6.545949e+01, -2.616773e-04, 4.815219e+02, -6.890880e-01, 6.287294e-06, -1.972492e+00, -1.915039e+01, -2.616773e-04, 4.855735e+02, -3.360995e-01, 6.287294e-06, -2.062185e+00
65, 6.583236e+01, -2.649175e-04, 4.809642e+02, -8.591879e-01, 6.779063e-06, -2.433934e+00, -1.868633e+01, -2.649175e-04, 4.850889e+02, -4.234868e-01, 6.779063e-06, -2.546153e+00
66, 6.621002e+01, -2.679753e-04, 4.802710e+02, -1.024504e+00, 7.332437e-06, -2.882448e+00, -1.819403e+01, -2.679753e-04, 4.844718e+02, -5.084072e-01, 7.332437e-06, -3.016560e+00
67, 6.659016e+01, -2.709800e-04, 4.794453e+02, -1.184925e+00, 7.672270e-06, -3.317750e+00, -1.767629e+01, -2.709800e-04, 4.837247e+02, -5.908021e-01, 7.672270e-06, -3.473106e+00
68, 6.697018e+01, -2.741927e-04, 4.784911e+02, -1.338732e+00, 7.978846e-06, -3.735196e+00, -1.713634e+01, -2.741927e-04, 4.828509e+02, -6.697834e-01, 7.978846e-06, -3.910918e+00
69, 6.734784e+01, -2.774430e-04, 4.774128e+02, -1.485563e+00, 8.040883e-06, -4.133840e+00, -1.657718e+01, -2.774430e-04, 4.818546e+02, -7.451599e-01, 8.040883e-06, -4.329002e+00
70, 6.772090e+01, -2.806669e-04, 4.762156e+02, -1.624444e+00, 8.256140e-06, -4.511020e+00, -1.600191e+01, -2.806669e-04, 4.807404e+02, -8.164344e-01, 8.256140e-06, -4.724569e+00
71, 6.808703e+01, -2.840042e-04, 4.749057e+02, -1.754551e+00, 8.609626e-06, -4.864494e+00, -1.541388e+01, -2.840042e-04, 4.795140e+02, -8.831846e-01, 8.609626e-06, -5.095265e+00
72, 6.844446e+01, -2.873075e-04, 4.734900e+02, -1.875541e+00, 9.022252e-06, -5.193286e+00, -1.481603e+01, -2.873075e-04, 4.781819e+02, -9.452430e-01, 9.022252e-06, -5.440073e+00
73, 6.879092e+01, -2.907442e-04, 4.719754e+02, -1.986823e+00, 9.420330e-06, -5.495749e+00, -1.421184e+01, -2.907442e-04, 4.767505e+02, -1.002312e+00, 9.420330e-06, -5.757264e+00
74, 6.912492e+01, -2.941949e-04, 4.703704e+02, -2.087998e+00, 9.924236e-06, -5.770741e+00, -1.360421e+01, -2.941949e-04, 4.752278e+02, -1.054198e+00, 9.924236e-06, -6.045648e+00
75, 6.944436e+01, -2.971997e-04, 4.686828e+02, -2.179074e+00, 1.080380e-05, -6.018219e+00, -1.299658e+01, -2.971997e-04, 4.736214e+02, -1.100916e+00, 1.080380e-05, -6.305181e+00
76, 6.974769e+01, -3.001897e-04, 4.669213e+02, -2.259803e+00, 1.196278e-05, -6.237448e+00, -1.239197e+01, -3.001897e-04, 4.719393e+02, -1.142350e+00, 1.196278e-05, -6.535098e+00
77, 7.003323e+01, -3.037886e-04, 4.650948e+02, -2.330085e+00, 1.247994e-05, -6.428095e+00, -1.179360e+01, -3.037886e-04, 4.701901e+02, -1.178459e+00, 1.247994e-05, -6.735052e+00
78, 7.029945e+01, -3.070027e-04, 4.632116e+02, -2.390309e+00, 1.217072e-05, -6.591173e+00, -1.120441e+01, -3.070027e-04, 4.683818e+02, -1.209450e+00, 1.217072e-05, -6.906111e+00
79, 7.054495e+01, -3.090828e-04, 4.612808e+02, -2.439954e+00, 1.314149e-05, -6.725223e+00, -1.062736e+01, -3.090828e-04, 4.665229e+02, -1.235063e+00, 1.314149e-05, -7.046746e+00
80, 7.076825e+01, -3.105280e-04, 4.593107e+02, -2.479673e+00, 1.431062e-05, -6.832004e+00, -1.006533e+01, -3.105280e-04, 4.646215e+02, -1.255636e+00, 1.431062e-05, -7.158801e+00
81, 7.096842e+01, -3.121517e-04, 4.573096e+02, -2.509075e+00, 1.463686e-05, -6.910432e+00, -9.520734e+00, -3.121517e-04, 4.626856e+02, -1.270972e+00, 1.463686e-05, -7.241143e+00
82, 7.114405e+01, -3.138604e-04, 4.552860e+02, -2.528296e+00, 1.392168e-05, -6.960893e+00, -8.996364e+00, -3.138604e-04, 4.607232e+02, -1.281139e+00, 1.392168e-05, -7.294176e+00
83, 7.129479e+01, -3.149515e-04, 4.532477e+02, -2.537414e+00, 1.327360e-05, -6.983603e+00, -8.493975e+00, -3.149515e-04, 4.587421e+02, -1.286175e+00, 1.327360e-05, -7.318123e+00
84, 7.141955e+01, -3.152298e-04, 4.512028e+02, -2.536047e+00, 1.328063e-05, -6.977546e+00, -8.016016e+00, -3.152298e-04, 4.567499e+02, -1.285880e+00, 1.328063e-05, -7.311921e+00
85, 7.151830e+01, -3.153920e-04, 4.491591e+02, -2.524408e+00, 1.306349e-05, -6.943336e+00, -7.563876e+00, -3.153920e-04, 4.547544e+02, -1.280359e+00, 1.306349e-05, -7.276210e+00
86, 7.159072e+01, -3.158062e-04, 4.471244e+02, -2.502070e+00, 1.212142e-05, -6.879822e+00, -7.139235e+00, -3.158062e-04, 4.527632e+02, -1.269389e+00, 1.212142e-05, -7.209782e+00
87, 7.163698e+01, -3.161894e-04, 4.451065e+02, -2.469099e+00, 1.074237e-05, -6.787224e+00, -6.743287e+00, -3.161894e-04, 4.507840e+02, -1.252998e+00, 1.074237e-05, -7.112865e+00
88, 7.165760e+01, -3.161278e-04, 4.431136e+02, -2.425192e+00, 9.808672e-06, -6.664728e+00, -6.376909e+00, -3.161278e-04, 4.488249e+02, -1.231030e+00, 9.808672e-06, -6.984606e+00
89, 7.165302e+01, -3.158270e-04, 4.411535e+02, -2.370470e+00, 9.300959e-06, -6.512678e+00, -6.041047e+00, -3.158270e-04, 4.468938e+02, -1.203542e+00, 9.300959e-06, -6.825364e+00
90, 7.162439e+01, -3.156545e-04, 4.392344e+02, -2.304714e+00, 8.536938e-06, -6.330481e+00, -5.736000e+00, -3.156545e-04, 4.449989e+02, -1.170424e+00, 8.536938e-06, -6.634516e+00
91, 7.157252e+01, -3.157840e-04, 4.373646e+02, -2.228220e+00, 7.524017e-06, -6.118948e+00, -5.462384e+00, -3.157840e-04, 4.431485e+02, -1.131825e+00, 7.524017e-06, -6.412914e+00
92, 7.149901e+01, -3.157469e-04, 4.355524e+02, -2.141032e+00, 6.513558e-06, -5.878178e+00, -5.220096e+00, -3.157469e-04, 4.413510e+02, -1.087770e+00, 6.513558e-06, -6.160662e+00
93, 7.140495e+01, -3.154460e-04, 4.338060e+02, -2.043501e+00, 6.145009e-06, -5.609129e+00, -5.009470e+00, -3.154460e-04, 4.396148e+02, -1.038441e+00, 6.145009e-06, -5.878764e+00
94, 7.129207e+01, -3.150370e-04, 4.321337e+02, -1.936124e+00, 5.854412e-06, -5.313133e+00, -4.830245e+00, -3.150370e-04, 4.379483e+02, -9.840945e-01, 5.854412e-06, -5.568619e+00
95, 7.116175e+01, -3.147381e-04, 4.305434e+02, -1.819306e+00, 5.497392e-06, -4.991281e+00, -4.682437e+00, -3.147381e-04, 4.363596e+02, -9.249402e-01, 5.497392e-06, -5.231371e+00
96, 7.101551e+01, -3.143789e-04, 4.290428e+02, -1.693819e+00, 4.893219e-06, -4.645675e+00, -4.565882e+00, -3.143789e-04, 4.348564e+02, -8.613727e-01, 4.893219e-06, -4.869225e+00
97, 7.085496e+01, -3.137377e-04, 4.276394e+02, -1.560314e+00, 4.589679e-06, -4.278083e+00, -4.480284e+00, -3.137377e-04, 4.334464e+02, -7.937285e-01, 4.589679e-06, -4.484035e+00
98, 7.068123e+01, -3.128586e-04, 4.263398e+02, -1.419318e+00, 4.312620e-06, -3.889983e+00, -4.425705e+00, -3.128586e-04, 4.321364e+02, -7.222674e-01, 4.312620e-06, -4.077347e+00
99, 7.050202e+01, -3.117626e-04, 4.251489e+02, -1.275133e+00, 3.801577e-06, -3.493097e+00, -4.395394e+00, -3.117626e-04, 4.309325e+02, -6.491914e-01, 3.801577e-06, -3.661453e+00
100, 7.032998e+01, -3.102571e-04, 4.240688e+02, -1.134761e+00, 3.337437e-06, -3.106826e+00, -4.377266e+00, -3.102571e-04, 4.298389e+02, -5.780270e-01, 3.337437e-06, -3.256676e+00
101, 7.017707e+01, -3.087269e-04, 4.230997e+02, -1.008053e+00, 2.703734e-06, -2.757990e+00, -4.359563e+00, -3.087269e-04, 4.288580e+02, -5.138180e-01, 2.703734e-06, -2.891136e+00
102, 7.005230e+01, -3.073003e-04, 4.222376e+02, -9.022561e-01, 1.521567e-06, -2.466102e+00, -4.332743e+00, -3.073003e-04, 4.279873e+02, -4.603147e-01, 1.521567e-06, -2.585312e+00
103, 6.996171e+01, -3.059809e-04, 4.214711e+02, -8.223270e-01, 1.491772e-07, -2.244094e+00, -4.288845e+00, -3.059809e-04, 4.272167e+02, -4.201511e-01, 1.491772e-07, -2.352797e+00
104, 6.990473e+01, -3.045747e-04, 4.207815e+02, -7.671413e-01, -9.716712e-07, -2.088527e+00, -4.225223e+00, -3.045747e-04, 4.265277e+02, -3.928178e-01, -9.716712e-07, -2.190010e+00
105, 6.987677e+01, -3.034157e-04, 4.201492e+02, -7.327547e-01, -1.620716e-06, -1.988442e+00, -4.142953e+00, -3.034157e-04, 4.259002e+02, -3.763332e-01, -1.620716e-06, -2.085475e+00
106, 6.987281e+01, -3.026070e-04, 4.195570e+02, -7.130148e-01, -2.191596e-06, -1.927448e+00, -4.044029e+00, -3.026070e-04, 4.253163e+02, -3.674847e-01, -2.191596e-06, -2.021979e+00
107, 6.988656e+01, -3.022733e-04, 4.189901e+02, -7.014795e-01, -2.572628e-06, -1.888740e+00, -3.932035e+00, -3.022733e-04, 4.247604e+02, -3.628462e-01, -2.572628e-06, -1.981856e+00
108, 6.991336e+01, -3.020841e-04, 4.184361e+02, -6.962478e-01, -2.695056e-06, -1.867513e+00, -3.809449e+00, -3.020841e-04, 4.242195e+02, -3.613801e-01, -2.695056e-06, -1.960043e+00
109, 6.994909e+01, -3.020363e-04, 4.178880e+02, -6.937183e-01, -2.245262e-06, -1.854389e+00, -3.679071e+00, -3.020363e-04, 4.236858e+02, -3.611678e-01, -2.245262e-06, -1.946680e+00
110, 6.999253e+01, -3.022503e-04, 4.173426e+02, -6.928719e-01, -1.817574e-06, -1.846625e+00, -3.541602e+00, -3.022503e-04, 4.231563e+02, -3.616826e-01, -1.817574e-06, -1.938886e+00
111, 7.004283e+01, -3.024689e-04, 4.167998e+02, -6.918702e-01, -1.296500e-06, -1.839214e+00, -3.397796e+00, -3.024689e-04, 4.226305e+02, -3.619829e-01, -1.296500e-06, -1.931415e+00
112, 7.009924e+01, -3.025437e-04, 4.162600e+02, -6.903172e-01, -3.350177e-07, -1.830989e+00, -3.248522e+00, -3.025437e-04, 4.221087e+02, -3.618818e-01, -3.350177e-07, -1.923045e+00
113, 7.016026e+01, -3.024838e-04, 4.157245e+02, -6.879598e-01, 6.901021e-07, -1.821099e+00, -3.095432e+00, -3.024838e-04, 4.215919e+02, -3.612776e-01, 6.901021e-07, -1.912895e+00
114, 7.022392e+01, -3.023673e-04, 4.151950e+02, -6.840319e-01, 1.716465e-06, -1.807432e+00, -2.940796e+00, -3.023673e-04, 4.210816e+02, -3.597827e-01, 1.716465e-06, -1.898754e+00
115, 7.028956e+01, -3.019586e-04, 4.146733e+02, -6.795745e-01, 2.470787e-06, -1.792651e+00, -2.785557e+00, -3.019586e-04, 4.205791e+02, -3.579598e-01, 2.470787e-06, -1.883423e+00
116, 7.035567e+01, -3.012636e-04, 4.141607e+02, -6.739948e-01, 3.362097e-06, -1.775133e+00, -2.631444e+00, -3.012636e-04, 4.200858e+02, -3.555066e-01, 3.362097e-06, -1.865203e+00
117, 7.042120e+01, -3.001548e-04, 4.136580e+02, -6.679028e-01, 3.896486e-06, -1.756481e+00, -2.479617e+00, -3.001548e-04, 4.196022e+02, -3.527461e-01, 3.896486e-06, -1.845777e+00
118, 7.048409e+01, -2.987592e-04, 4.131652e+02, -6.612691e-01, 4.360411e-06, -1.736574e+00, -2.332098e+00, -2.987592e-04, 4.191277e+02, -3.496700e-01, 4.360411e-06, -1.825020e+00
119, 7.054359e+01, -2.972579e-04, 4.126818e+02, -6.548089e-01, 4.348083e-06, -1.717369e+00, -2.189568e+00, -2.972579e-04, 4.186620e+02, -3.466429e-01, 4.348083e-06, -1.804985e+00
120, 7.059890e+01, -2.956536e-04, 4.122070e+02, -6.481294e-01, 3.876434e-06, -1.697829e+00, -2.052645e+00, -2.956536e-04, 4.182040e+02, -3.434579e-01, 3.876434e-06, -1.784582e+00
121, 7.064980e+01, -2.938086e-04, 4.117396e+02, -6.415366e-01, 3.244618e-06, -1.678837e+00, -1.921349e+00, -2.938086e-04, 4.177525e+02, -3.402632e-01, 3.244618e-06, -1.764733e+00
122, 7.069604e+01, -2.919844e-04, 4.112780e+02, -6.346667e-01, 2.546373e-06, -1.659426e+00, -1.795675e+00, -2.919844e-04, 4.173060e+02, -3.368684e-01, 2.546373e-06, -1.744424e+00
123, 7.073746e+01, -2.901974e-04, 4.108211e+02, -6.274726e-01, 1.639784e-06, -1.639489e+00, -1.675535e+00, -2.901974e-04, 4.168633e+02, -3.332456e-01, 1.639784e-06, -1.723541e+00
124, 7.077491e+01, -2.886822e-04, 4.103680e+02, -6.194872e-01, 7.053528e-07, -1.617771e+00, -1.559963e+00, -2.886822e-04, 4.164235e+02, -3.291528e-01, 7.053528e-07, -1.700766e+00
125, 7.080900e+01, -2.874791e-04, 4.099183e+02, -6.101946e-01, -2.365195e-07, -1.592877e+00, -1.448317e+00, -2.874791e-04, 4.159866e+02, -3.243243e-01, -2.365195e-07, -1.674637e+00
