#tstep, mx_steady_G, my_steady_G, mz_steady_G, mx_unsteady_G, my_unsteady_G, mz_unsteady_G, mx_steady_a, my_steady_a, mz_steady_a, mx_unsteady_a, my_unsteady_a, mz_unsteady_a
0, 3.854099e-03, -1.546490e+01, -1.485456e-03, 0.000000e+00, 0.000000e+00, 0.000000e+00, 4.053494e-03, -1.546490e+01, -7.936313e-04, 0.000000e+00, 0.000000e+00, 0.000000e+00
1, 3.851116e-03, -1.548237e+01, -1.490207e-03, -1.073756e-05, 3.074023e-02, 3.560697e-06, 4.051381e-03, -1.548237e+01, -7.988281e-04, -1.119274e-05, 3.074023e-02, 1.642045e-06
2, 3.846124e-03, -1.551396e+01, -1.489169e-03, -1.397809e-05, 3.754070e-02, 4.676410e-06, 4.046284e-03, -1.551396e+01, -7.986727e-04, -1.457779e-05, 3.754070e-02, 2.178095e-06
3, 3.839811e-03, -1.557568e+01, -1.488728e-03, -2.768288e-05, 5.377743e-02, 9.153330e-06, 4.039990e-03, -1.557568e+01, -7.993345e-04, -2.885178e-05, 5.377743e-02, 4.207188e-06
4, 3.829774e-03, -1.567429e+01, -1.487932e-03, -3.202220e-05, 6.706647e-02, 9.876072e-06, 4.029968e-03, -1.567429e+01, -8.002940e-04, -3.325068e-05, 6.706647e-02, 4.165435e-06
5, 3.815782e-03, -1.580773e+01, -1.481141e-03, -2.993053e-05, 7.445780e-02, 7.975352e-06, 4.015010e-03, -1.580773e+01, -7.960357e-04, -3.086072e-05, 7.445780e-02, 2.656808e-06
6, 3.795819e-03, -1.597604e+01, -1.468521e-03, -2.588349e-05, 7.546043e-02, 5.181359e-06, 3.993158e-03, -1.597604e+01, -7.870740e-04, -2.638999e-05, 7.546043e-02, 6.080227e-07
7, 3.770606e-03, -1.617478e+01, -1.452029e-03, -1.595487e-05, 6.985760e-02, -6.707695e-08, 3.965465e-03, -1.617478e+01, -7.752107e-04, -1.570083e-05, 6.985760e-02, -2.836592e-06
8, 3.745687e-03, -1.639774e+01, -1.434113e-03, 6.322968e-06, 5.877058e-02, -1.017371e-05, 3.937812e-03, -1.639774e+01, -7.618943e-04, 7.993555e-06, 5.877058e-02, -8.921181e-06
9, 3.721308e-03, -1.663942e+01, -1.416507e-03, 2.888911e-05, 4.402193e-02, -2.042720e-05, 3.910747e-03, -1.663942e+01, -7.487892e-04, 3.199736e-05, 4.402193e-02, -1.510033e-05
10, 3.698440e-03, -1.689689e+01, -1.397511e-03, 5.489642e-05, 2.584917e-02, -3.196238e-05, 3.884928e-03, -1.689689e+01, -7.340522e-04, 5.961262e-05, 2.584917e-02, -2.194413e-05
11, 3.680686e-03, -1.716939e+01, -1.380396e-03, 8.482076e-05, 6.035868e-03, -4.500516e-05, 3.864471e-03, -1.716939e+01, -7.202802e-04, 9.134721e-05, 6.035868e-03, -2.959246e-05
12, 3.668583e-03, -1.745497e+01, -1.365370e-03, 1.126213e-04, -1.632370e-02, -5.717159e-05, 3.849943e-03, -1.745497e+01, -7.075843e-04, 1.208380e-04, -1.632370e-02, -3.674655e-05
13, 3.663706e-03, -1.775013e+01, -1.353892e-03, 1.412517e-04, -4.002426e-02, -6.968654e-05, 3.843147e-03, -1.775013e+01, -6.971275e-04, 1.512067e-04, -4.002426e-02, -4.409974e-05
14, 3.667520e-03, -1.805378e+01, -1.345144e-03, 1.690929e-04, -6.494567e-02, -8.179138e-05, 3.845384e-03, -1.805378e+01, -6.878506e-04, 1.807269e-04, -6.494567e-02, -5.118611e-05
15, 3.678227e-03, -1.836616e+01, -1.338427e-03, 1.870133e-04, -9.008071e-02, -9.006876e-05, 3.854762e-03, -1.836616e+01, -6.793761e-04, 1.998124e-04, -9.008071e-02, -5.622589e-05
16, 3.696793e-03, -1.868859e+01, -1.334417e-03, 2.049811e-04, -1.153103e-01, -9.830430e-05, 3.872350e-03, -1.868859e+01, -6.722031e-04, 2.189373e-04, -1.153103e-01, -6.121625e-05
17, 3.723000e-03, -1.902072e+01, -1.331812e-03, 2.145562e-04, -1.405954e-01, -1.032186e-04, 3.897706e-03, -1.902072e+01, -6.650871e-04, 2.292203e-04, -1.405954e-01, -6.439315e-05
18, 3.753245e-03, -1.936323e+01, -1.331163e-03, 2.173709e-04, -1.652810e-01, -1.055468e-04, 3.927378e-03, -1.936323e+01, -6.591957e-04, 2.323966e-04, -1.652810e-01, -6.619719e-05
19, 3.787417e-03, -1.971680e+01, -1.329298e-03, 2.202593e-04, -1.895227e-01, -1.077134e-04, 3.960708e-03, -1.971680e+01, -6.514253e-04, 2.356173e-04, -1.895227e-01, -6.782933e-05
20, 3.822848e-03, -2.008396e+01, -1.326666e-03, 2.125129e-04, -2.124952e-01, -1.058154e-04, 3.995144e-03, -2.008396e+01, -6.426807e-04, 2.276590e-04, -2.124952e-01, -6.730532e-05
21, 3.856865e-03, -2.046675e+01, -1.323062e-03, 2.068688e-04, -2.348562e-01, -1.046122e-04, 4.028018e-03, -2.046675e+01, -6.332240e-04, 2.218917e-04, -2.348562e-01, -6.710053e-05
22, 3.890455e-03, -2.086598e+01, -1.317915e-03, 2.027582e-04, -2.562170e-01, -1.039252e-04, 4.060204e-03, -2.086598e+01, -6.223230e-04, 2.177243e-04, -2.562170e-01, -6.713779e-05
23, 3.920154e-03, -2.128357e+01, -1.311731e-03, 1.967017e-04, -2.765071e-01, -1.024907e-04, 4.088378e-03, -2.128357e+01, -6.110753e-04, 2.115107e-04, -2.765071e-01, -6.677679e-05
24, 3.945982e-03, -2.172146e+01, -1.303230e-03, 1.982726e-04, -2.959042e-01, -1.038364e-04, 4.112338e-03, -2.172146e+01, -5.982187e-04, 2.132914e-04, -2.959042e-01, -6.782925e-05
25, 3.969478e-03, -2.218202e+01, -1.294363e-03, 2.023449e-04, -3.138868e-01, -1.061916e-04, 4.133936e-03, -2.218202e+01, -5.854057e-04, 2.177108e-04, -3.138868e-01, -6.944154e-05
26, 3.990008e-03, -2.266675e+01, -1.285690e-03, 2.113379e-04, -3.310458e-01, -1.103730e-04, 4.152648e-03, -2.266675e+01, -5.733000e-04, 2.272933e-04, -3.310458e-01, -7.199777e-05
27, 4.010357e-03, -2.317681e+01, -1.278528e-03, 2.280105e-04, -3.470045e-01, -1.174991e-04, 4.171445e-03, -2.317681e+01, -5.627133e-04, 2.449500e-04, -3.470045e-01, -7.612045e-05
28, 4.031824e-03, -2.371317e+01, -1.272807e-03, 2.472074e-04, -3.616391e-01, -1.255751e-04, 4.191592e-03, -2.371317e+01, -5.533516e-04, 2.652577e-04, -3.616391e-01, -8.074020e-05
29, 4.055557e-03, -2.427749e+01, -1.269789e-03, 2.674759e-04, -3.750347e-01, -1.340510e-04, 4.214440e-03, -2.427749e+01, -5.462580e-04, 2.866901e-04, -3.750347e-01, -8.556777e-05
30, 4.081379e-03, -2.487064e+01, -1.259428e-03, 2.856542e-04, -3.868236e-01, -1.414357e-04, 4.238071e-03, -2.487064e+01, -5.315704e-04, 3.058745e-04, -3.868236e-01, -8.968368e-05
31, 4.115616e-03, -2.549271e+01, -1.253534e-03, 2.902061e-04, -3.972727e-01, -1.437480e-04, 4.270764e-03, -2.549271e+01, -5.198212e-04, 3.107588e-04, -3.972727e-01, -9.117042e-05
32, 4.167121e-03, -2.614421e+01, -1.270643e-03, 3.104716e-04, -4.059737e-01, -1.524071e-04, 4.324458e-03, -2.614421e+01, -5.277263e-04, 3.322201e-04, -4.059737e-01, -9.617887e-05
33, 4.224981e-03, -2.682480e+01, -1.291934e-03, 3.382836e-04, -4.130509e-01, -1.636585e-04, 4.385136e-03, -2.682480e+01, -5.386459e-04, 3.615633e-04, -4.130509e-01, -1.024299e-04
34, 4.279169e-03, -2.753497e+01, -1.299514e-03, 3.352993e-04, -4.181096e-01, -1.627190e-04, 4.439817e-03, -2.753497e+01, -5.367016e-04, 3.584612e-04, -4.181096e-01, -1.020228e-04
35, 4.333327e-03, -2.827441e+01, -1.300154e-03, 3.172045e-04, -4.215314e-01, -1.558803e-04, 4.493263e-03, -2.827441e+01, -5.279270e-04, 3.394538e-04, -4.215314e-01, -9.843010e-05
36, 4.397035e-03, -2.904217e+01, -1.314871e-03, 3.050269e-04, -4.229242e-01, -1.516769e-04, 4.558559e-03, -2.904217e+01, -5.313579e-04, 3.267313e-04, -4.229242e-01, -9.640518e-05
37, 4.469756e-03, -2.983790e+01, -1.341338e-03, 3.051207e-04, -4.224876e-01, -1.520546e-04, 4.634772e-03, -2.983790e+01, -5.447952e-04, 3.268892e-04, -4.224876e-01, -9.676090e-05
38, 4.537975e-03, -3.066068e+01, -1.363336e-03, 2.965753e-04, -4.202226e-01, -1.487808e-04, 4.705774e-03, -3.066068e+01, -5.546129e-04, 3.179052e-04, -4.202226e-01, -9.502068e-05
39, 4.599580e-03, -3.150967e+01, -1.373549e-03, 2.710514e-04, -4.159282e-01, -1.387142e-04, 4.768216e-03, -3.150967e+01, -5.539730e-04, 2.910210e-04, -4.159282e-01, -8.953922e-05
40, 4.659047e-03, -3.238371e+01, -1.384493e-03, 2.421894e-04, -4.101338e-01, -1.274140e-04, 4.828680e-03, -3.238371e+01, -5.544240e-04, 2.606353e-04, -4.101338e-01, -8.342257e-05
41, 4.719672e-03, -3.328062e+01, -1.405754e-03, 2.279010e-04, -4.024957e-01, -1.217822e-04, 4.892077e-03, -3.328062e+01, -5.648353e-04, 2.455859e-04, -4.024957e-01, -8.035744e-05
42, 4.779620e-03, -3.419972e+01, -1.429800e-03, 2.214039e-04, -3.932098e-01, -1.189417e-04, 4.955289e-03, -3.419972e+01, -5.781054e-04, 2.386943e-04, -3.932098e-01, -7.868836e-05
43, 4.830441e-03, -3.513878e+01, -1.448381e-03, 2.083799e-04, -3.823383e-01, -1.133111e-04, 5.008564e-03, -3.513878e+01, -5.875799e-04, 2.248904e-04, -3.823383e-01, -7.540487e-05
44, 4.875311e-03, -3.609565e+01, -1.460634e-03, 1.924379e-04, -3.700499e-01, -1.063783e-04, 5.054880e-03, -3.609565e+01, -5.918550e-04, 2.079867e-04, -3.700499e-01, -7.134565e-05
45, 4.920149e-03, -3.706818e+01, -1.479338e-03, 1.809634e-04, -3.562409e-01, -1.013063e-04, 5.102285e-03, -3.706818e+01, -6.024892e-04, 1.958059e-04, -3.562409e-01, -6.834330e-05
46, 4.966466e-03, -3.805370e+01, -1.505983e-03, 1.823933e-04, -3.411422e-01, -1.010748e-04, 5.152526e-03, -3.805370e+01, -6.206864e-04, 1.971738e-04, -3.411422e-01, -6.786693e-05
47, 5.011942e-03, -3.904952e+01, -1.533325e-03, 1.838597e-04, -3.246498e-01, -1.007009e-04, 5.202059e-03, -3.904952e+01, -6.397160e-04, 1.985530e-04, -3.246498e-01, -6.724412e-05
48, 5.055047e-03, -4.005346e+01, -1.558770e-03, 1.790203e-04, -3.067810e-01, -9.772302e-05, 5.248927e-03, -4.005346e+01, -6.572894e-04, 1.932700e-04, -3.067810e-01, -6.515184e-05
49, 5.099412e-03, -4.106295e+01, -1.584717e-03, 1.703557e-04, -2.876920e-01, -9.319182e-05, 5.297124e-03, -4.106295e+01, -6.751383e-04, 1.839502e-04, -2.876920e-01, -6.219408e-05
50, 5.147893e-03, -4.207442e+01, -1.618983e-03, 1.634709e-04, -2.674271e-01, -8.944516e-05, 5.350819e-03, -4.207442e+01, -7.004645e-04, 1.765194e-04, -2.674271e-01, -5.969986e-05
51, 5.201527e-03, -4.308587e+01, -1.658883e-03, 1.588846e-04, -2.460019e-01, -8.640033e-05, 5.410566e-03, -4.308587e+01, -7.304451e-04, 1.714740e-04, -2.460019e-01, -5.749770e-05
52, 5.254643e-03, -4.409454e+01, -1.698863e-03, 1.436644e-04, -2.233784e-01, -7.915528e-05, 5.469817e-03, -4.409454e+01, -7.605946e-04, 1.552269e-04, -2.233784e-01, -5.300568e-05
53, 5.308095e-03, -4.509904e+01, -1.735995e-03, 1.227656e-04, -1.995908e-01, -6.957069e-05, 5.528906e-03, -4.509904e+01, -7.878806e-04, 1.329814e-04, -1.995908e-01, -4.719573e-05
54, 5.364628e-03, -4.609511e+01, -1.778431e-03, 9.269017e-05, -1.752263e-01, -5.647304e-05, 5.591948e-03, -4.609511e+01, -8.198545e-04, 1.010884e-04, -1.752263e-01, -3.951961e-05
55, 5.421267e-03, -4.708273e+01, -1.828827e-03, 6.892088e-05, -1.495508e-01, -4.586150e-05, 5.656479e-03, -4.708273e+01, -8.596499e-04, 7.583758e-05, -1.495508e-01, -3.319677e-05
56, 5.474259e-03, -4.805920e+01, -1.875738e-03, 4.309729e-05, -1.233463e-01, -3.419617e-05, 5.716811e-03, -4.805920e+01, -8.966466e-04, 4.838065e-05, -1.233463e-01, -2.619289e-05
57, 5.520768e-03, -4.902211e+01, -1.917251e-03, 3.298219e-06, -9.655066e-02, -1.701159e-05, 5.769822e-03, -4.902211e+01, -9.294520e-04, 6.202143e-06, -9.655066e-02, -1.618042e-05
58, 5.561347e-03, -4.997011e+01, -1.958223e-03, -3.585094e-05, -6.926365e-02, -8.587063e-08, 5.816900e-03, -4.997011e+01, -9.627555e-04, -3.529137e-05, -6.926365e-02, -6.310016e-06
59, 5.600203e-03, -5.090144e+01, -2.004498e-03, -6.664325e-05, -4.160164e-02, 1.353565e-05, 5.863201e-03, -5.090144e+01, -1.001580e-03, -6.798123e-05, -4.160164e-02, 1.757534e-06
60, 5.632230e-03, -5.181436e+01, -2.050859e-03, -9.499673e-05, -1.377634e-02, 2.640018e-05, 5.902791e-03, -5.181436e+01, -1.041676e-03, -9.813786e-05, -1.377634e-02, 9.503092e-06
61, 5.653463e-03, -5.270732e+01, -2.090881e-03, -1.238573e-04, 1.412360e-02, 3.958076e-05, 5.930652e-03, -5.270732e+01, -1.077402e-03, -1.288488e-04, 1.412360e-02, 1.747184e-05
62, 5.666866e-03, -5.357918e+01, -2.126755e-03, -1.524071e-04, 4.205136e-02, 5.264296e-05, 5.950081e-03, -5.357918e+01, -1.110404e-03, -1.592330e-04, 4.205136e-02, 2.537799e-05
63, 5.673799e-03, -5.442796e+01, -2.163444e-03, -1.763718e-04, 6.962686e-02, 6.392604e-05, 5.963280e-03, -5.442796e+01, -1.145331e-03, -1.847930e-04, 6.962686e-02, 3.232821e-05
64, 5.675873e-03, -5.525368e+01, -2.202486e-03, -1.886621e-04, 9.723327e-02, 7.063651e-05, 5.972102e-03, -5.525368e+01, -1.183420e-03, -1.980618e-04, 9.723327e-02, 3.680255e-05
65, 5.672407e-03, -5.605439e+01, -2.238890e-03, -1.980151e-04, 1.242583e-01, 7.632451e-05, 5.975009e-03, -5.605439e+01, -1.219873e-03, -2.082604e-04, 1.242583e-01, 4.078002e-05
66, 5.662324e-03, -5.682979e+01, -2.272026e-03, -2.094072e-04, 1.509808e-01, 8.277632e-05, 5.970834e-03, -5.682979e+01, -1.254257e-03, -2.205998e-04, 1.509808e-01, 4.515559e-05
67, 5.648847e-03, -5.757904e+01, -2.302899e-03, -2.158068e-04, 1.771246e-01, 8.727124e-05, 5.962923e-03, -5.757904e+01, -1.287001e-03, -2.276827e-04, 1.771246e-01, 4.847093e-05
68, 5.635362e-03, -5.830169e+01, -2.337190e-03, -2.203139e-04, 2.026913e-01, 9.084692e-05, 5.955597e-03, -5.830169e+01, -1.323112e-03, -2.327422e-04, 2.026913e-01, 5.120965e-05
69, 5.621249e-03, -5.899729e+01, -2.371769e-03, -2.205794e-04, 2.275920e-01, 9.285173e-05, 5.947703e-03, -5.899729e+01, -1.359617e-03, -2.333518e-04, 2.275920e-01, 5.313790e-05
70, 5.605666e-03, -5.966559e+01, -2.404760e-03, -2.224957e-04, 2.517088e-01, 9.535735e-05, 5.938086e-03, -5.966559e+01, -1.394812e-03, -2.356741e-04, 2.517088e-01, 5.527268e-05
71, 5.590367e-03, -6.030668e+01, -2.435576e-03, -2.287652e-04, 2.750995e-01, 9.950805e-05, 5.928370e-03, -6.030668e+01, -1.427817e-03, -2.425692e-04, 2.750995e-01, 5.827164e-05
72, 5.574926e-03, -6.092053e+01, -2.466025e-03, -2.361605e-04, 2.974527e-01, 1.039506e-04, 5.918451e-03, -6.092053e+01, -1.460485e-03, -2.506235e-04, 2.974527e-01, 6.136254e-05
73, 5.560968e-03, -6.150716e+01, -2.498252e-03, -2.420068e-04, 3.189412e-01, 1.076108e-04, 5.910302e-03, -6.150716e+01, -1.494646e-03, -2.570166e-04, 3.189412e-01, 6.395190e-05
74, 5.547184e-03, -6.206662e+01, -2.527759e-03, -2.508031e-04, 3.392052e-01, 1.124109e-04, 5.901850e-03, -6.206662e+01, -1.526098e-03, -2.665128e-04, 3.392052e-01, 6.715158e-05
75, 5.526989e-03, -6.259921e+01, -2.545181e-03, -2.686558e-04, 3.584172e-01, 1.207268e-04, 5.884988e-03, -6.259921e+01, -1.546763e-03, -2.855383e-04, 3.584172e-01, 7.224111e-05
76, 5.507694e-03, -6.310485e+01, -2.559606e-03, -2.931437e-04, 3.762670e-01, 1.313099e-04, 5.868490e-03, -6.310485e+01, -1.564318e-03, -3.114919e-04, 3.762670e-01, 7.841112e-05
77, 5.496294e-03, -6.358393e+01, -2.597389e-03, -2.994240e-04, 3.928213e-01, 1.341901e-04, 5.863825e-03, -6.358393e+01, -1.603508e-03, -3.181769e-04, 3.928213e-01, 8.015703e-05
78, 5.478723e-03, -6.403618e+01, -2.630779e-03, -2.872094e-04, 4.079003e-01, 1.304344e-04, 5.852319e-03, -6.403618e+01, -1.639441e-03, -3.054957e-04, 4.079003e-01, 7.857941e-05
79, 5.442465e-03, -6.446173e+01, -2.636941e-03, -3.038010e-04, 4.214530e-01, 1.378508e-04, 5.817682e-03, -6.446173e+01, -1.651806e-03, -3.231232e-04, 4.214530e-01, 8.300201e-05
80, 5.395884e-03, -6.486071e+01, -2.629037e-03, -3.284400e-04, 4.335100e-01, 1.480592e-04, 5.770436e-03, -6.486071e+01, -1.652111e-03, -3.491605e-04, 4.335100e-01, 8.877689e-05
81, 5.352852e-03, -6.523283e+01, -2.632919e-03, -3.319797e-04, 4.437846e-01, 1.496323e-04, 5.728731e-03, -6.523283e+01, -1.663406e-03, -3.529196e-04, 4.437846e-01, 8.971142e-05
82, 5.311716e-03, -6.557831e+01, -2.647653e-03, -3.104202e-04, 4.525842e-01, 1.414877e-04, 5.690779e-03, -6.557831e+01, -1.685060e-03, -3.302733e-04, 4.525842e-01, 8.543432e-05
83, 5.262745e-03, -6.589684e+01, -2.649818e-03, -2.912189e-04, 4.594359e-01, 1.345624e-04, 5.642928e-03, -6.589684e+01, -1.695695e-03, -3.101611e-04, 4.594359e-01, 8.194849e-05
84, 5.202902e-03, -6.618853e+01, -2.633597e-03, -2.882315e-04, 4.647896e-01, 1.337542e-04, 5.581177e-03, -6.618853e+01, -1.690113e-03, -3.070788e-04, 4.647896e-01, 8.167131e-05
85, 5.143977e-03, -6.645335e+01, -2.616187e-03, -2.808375e-04, 4.682097e-01, 1.308788e-04, 5.520125e-03, -6.645335e+01, -1.683199e-03, -2.992978e-04, 4.682097e-01, 8.012351e-05
86, 5.092197e-03, -6.669134e+01, -2.609749e-03, -2.562963e-04, 4.700043e-01, 1.211603e-04, 5.468013e-03, -6.669134e+01, -1.685850e-03, -2.734418e-04, 4.700043e-01, 7.481421e-05
87, 5.044029e-03, -6.690253e+01, -2.606609e-03, -2.213031e-04, 4.699948e-01, 1.074659e-04, 5.420032e-03, -6.690253e+01, -1.691122e-03, -2.366023e-04, 4.699948e-01, 6.740437e-05
88, 4.993143e-03, -6.708697e+01, -2.590492e-03, -1.977875e-04, 4.682259e-01, 9.834659e-05, 5.367120e-03, -6.708697e+01, -1.684086e-03, -2.118603e-04, 4.682259e-01, 6.250705e-05
89, 4.942927e-03, -6.724497e+01, -2.567791e-03, -1.848601e-04, 4.648121e-01, 9.298259e-05, 5.313725e-03, -6.724497e+01, -1.670450e-03, -1.981979e-04, 4.648121e-01, 5.946935e-05
90, 4.899683e-03, -6.737645e+01, -2.548557e-03, -1.665862e-04, 4.595432e-01, 8.537988e-05, 5.267798e-03, -6.737645e+01, -1.659018e-03, -1.788814e-04, 4.595432e-01, 5.515538e-05
91, 4.865845e-03, -6.748187e+01, -2.538647e-03, -1.407808e-04, 4.527490e-01, 7.461110e-05, 5.232753e-03, -6.748187e+01, -1.655135e-03, -1.515981e-04, 4.527490e-01, 4.903126e-05
92, 4.834265e-03, -6.756121e+01, -2.524387e-03, -1.169318e-04, 4.440789e-01, 6.483675e-05, 5.199177e-03, -6.756121e+01, -1.646574e-03, -1.264141e-04, 4.440789e-01, 4.354674e-05
93, 4.803176e-03, -6.761479e+01, -2.502733e-03, -1.066086e-04, 4.339388e-01, 6.002780e-05, 5.164800e-03, -6.761479e+01, -1.630648e-03, -1.154127e-04, 4.339388e-01, 4.060345e-05
94, 4.774419e-03, -6.764293e+01, -2.477467e-03, -1.003252e-04, 4.220173e-01, 5.669098e-05, 5.132092e-03, -6.764293e+01, -1.610760e-03, -1.086453e-04, 4.220173e-01, 3.840844e-05
95, 4.751549e-03, -6.764578e+01, -2.458126e-03, -9.041274e-05, 4.085975e-01, 5.163696e-05, 5.106212e-03, -6.764578e+01, -1.595684e-03, -9.800583e-05, 4.085975e-01, 3.515247e-05
96, 4.731355e-03, -6.762379e+01, -2.439959e-03, -7.572056e-05, 3.935798e-01, 4.482715e-05, 5.083170e-03, -6.762379e+01, -1.581300e-03, -8.235434e-05, 3.935798e-01, 3.099739e-05
97, 4.709898e-03, -6.757722e+01, -2.416346e-03, -6.686060e-05, 3.770268e-01, 4.021215e-05, 5.057938e-03, -6.757722e+01, -1.561771e-03, -7.282761e-05, 3.770268e-01, 2.799102e-05
98, 4.687318e-03, -6.750708e+01, -2.392290e-03, -6.020224e-05, 3.591334e-01, 3.629328e-05, 5.031524e-03, -6.750708e+01, -1.542001e-03, -6.558989e-05, 3.591334e-01, 2.528790e-05
99, 4.663827e-03, -6.741244e+01, -2.364220e-03, -4.677426e-05, 3.381444e-01, 2.981881e-05, 5.003515e-03, -6.741244e+01, -1.518437e-03, -5.124164e-05, 3.381444e-01, 2.124353e-05
100, 4.637039e-03, -6.729148e+01, -2.327212e-03, -3.759473e-05, 3.115015e-01, 2.515551e-05, 4.970708e-03, -6.729148e+01, -1.486643e-03, -4.139179e-05, 3.115015e-01, 1.824509e-05
101, 4.612983e-03, -6.713835e+01, -2.290646e-03, -2.365649e-05, 2.777683e-01, 1.864121e-05, 4.940668e-03, -6.713835e+01, -1.454810e-03, -2.653411e-05, 2.777683e-01, 1.425010e-05
102, 4.593985e-03, -6.694351e+01, -2.258601e-03, 2.646816e-06, 2.399628e-01, 7.601696e-06, 4.916394e-03, -6.694351e+01, -1.426550e-03, 1.286585e-06, 2.399628e-01, 7.945824e-06
103, 4.579912e-03, -6.668869e+01, -2.228545e-03, 3.586623e-05, 2.012064e-01, -5.737532e-06, 4.897316e-03, -6.668869e+01, -1.399395e-03, 3.631765e-05, 2.012064e-01, 5.777389e-07
104, 4.567860e-03, -6.636064e+01, -2.194783e-03, 6.387594e-05, 1.641580e-01, -1.663550e-05, 4.879583e-03, -6.636064e+01, -1.368239e-03, 6.579424e-05, 1.641580e-01, -5.290835e-06
105, 4.561933e-03, -6.595787e+01, -2.164225e-03, 8.239956e-05, 1.301072e-01, -2.378917e-05, 4.868441e-03, -6.595787e+01, -1.339174e-03, 8.527867e-05, 1.301072e-01, -9.119232e-06
106, 4.565261e-03, -6.548363e+01, -2.142140e-03, 9.750168e-05, 1.006607e-01, -2.938362e-05, 4.867883e-03, -6.548363e+01, -1.316846e-03, 1.011228e-04, 1.006607e-01, -1.200623e-05
107, 4.579086e-03, -6.494719e+01, -2.131551e-03, 1.085954e-04, 7.701110e-02, -3.338949e-05, 4.879659e-03, -6.494719e+01, -1.304018e-03, 1.127437e-04, 7.701110e-02, -1.402483e-05
108, 4.598278e-03, -6.435878e+01, -2.120882e-03, 1.104687e-04, 5.811447e-02, -3.347721e-05, 4.896708e-03, -6.435878e+01, -1.290178e-03, 1.146037e-04, 5.811447e-02, -1.378593e-05
109, 4.620931e-03, -6.373094e+01, -2.113861e-03, 9.832840e-05, 4.347459e-02, -2.835710e-05, 4.917797e-03, -6.373094e+01, -1.279330e-03, 1.017587e-04, 4.347459e-02, -1.085175e-05
110, 4.647630e-03, -6.307189e+01, -2.113457e-03, 8.579938e-05, 3.161859e-02, -2.310477e-05, 4.944020e-03, -6.307189e+01, -1.274296e-03, 8.850800e-05, 3.161859e-02, -7.854848e-06
111, 4.673997e-03, -6.238785e+01, -2.112530e-03, 7.158507e-05, 2.227896e-02, -1.717330e-05, 4.969826e-03, -6.238785e+01, -1.268805e-03, 7.347964e-05, 2.227896e-02, -4.481782e-06
112, 4.696518e-03, -6.168455e+01, -2.109063e-03, 4.585067e-05, 1.495624e-02, -6.887471e-06, 4.991402e-03, -6.168455e+01, -1.261479e-03, 4.635010e-05, 1.495624e-02, 1.179051e-06
113, 4.715058e-03, -6.096839e+01, -2.102480e-03, 1.939204e-05, 9.428999e-03, 3.592642e-06, 5.008518e-03, -6.096839e+01, -1.251777e-03, 1.847357e-05, 9.428999e-03, 6.905453e-06
114, 4.729486e-03, -6.024586e+01, -2.098204e-03, -6.730971e-06, 5.419241e-03, 1.372683e-05, 5.021984e-03, -6.024586e+01, -1.245061e-03, -9.012352e-06, 5.419241e-03, 1.234947e-05
115, 4.736791e-03, -5.951962e+01, -2.090625e-03, -2.605558e-05, 2.003443e-03, 2.135535e-05, 5.027862e-03, -5.951962e+01, -1.236328e-03, -2.936805e-05, 2.003443e-03, 1.650641e-05
116, 4.735253e-03, -5.879228e+01, -2.079554e-03, -4.715941e-05, -6.098485e-04, 2.948257e-05, 5.024425e-03, -5.879228e+01, -1.225693e-03, -5.156255e-05, -6.098485e-04, 2.084552e-05
117, 4.724133e-03, -5.806656e+01, -2.062063e-03, -6.153834e-05, -2.935679e-03, 3.511199e-05, 5.010436e-03, -5.806656e+01, -1.210399e-03, -6.670056e-05, -2.935679e-03, 2.389254e-05
118, 4.705160e-03, -5.734580e+01, -2.041432e-03, -7.242195e-05, -4.660147e-03, 3.921233e-05, 4.988169e-03, -5.734580e+01, -1.193376e-03, -7.813085e-05, -4.660147e-03, 2.604066e-05
119, 4.681976e-03, -5.663201e+01, -2.023480e-03, -7.295775e-05, -6.427811e-03, 3.928780e-05, 4.962220e-03, -5.663201e+01, -1.179722e-03, -7.867161e-05, -6.427811e-03, 2.602195e-05
120, 4.654852e-03, -5.592622e+01, -2.006977e-03, -6.130445e-05, -8.026442e-03, 3.468502e-05, 4.932642e-03, -5.592622e+01, -1.168180e-03, -6.639609e-05, -8.026442e-03, 2.351267e-05
121, 4.623380e-03, -5.522938e+01, -1.987075e-03, -4.622774e-05, -9.580357e-03, 2.883905e-05, 4.898192e-03, -5.522938e+01, -1.154046e-03, -5.053329e-05, -9.580357e-03, 2.037356e-05
122, 4.591018e-03, -5.454311e+01, -1.967575e-03, -3.005373e-05, -1.094752e-02, 2.248585e-05, 4.862936e-03, -5.454311e+01, -1.140461e-03, -3.350178e-05, -1.094752e-02, 1.692547e-05
123, 4.561092e-03, -5.386894e+01, -1.949380e-03, -9.020458e-06, -1.203217e-02, 1.427844e-05, 4.830305e-03, -5.386894e+01, -1.127739e-03, -1.136284e-05, -1.203217e-02, 1.249513e-05
124, 4.536470e-03, -5.320723e+01, -1.935768e-03, 1.199044e-05, -1.314716e-02, 6.041610e-06, 4.803693e-03, -5.320723e+01, -1.118610e-03, 1.075916e-05, -1.314716e-02, 8.031943e-06
125, 4.520153e-03, -5.255809e+01, -1.926898e-03, 3.372524e-05, -1.392403e-02, -2.461534e-06, 4.786084e-03, -5.255809e+01, -1.112708e-03, 3.364032e-05, -1.392403e-02, 3.432188e-06
